% Parámetros base estimados:
t_red=[
   -1.7594
   -0.3966
    8.3284
   16.0353
    0.3977
    0.0072
    0.0120
    0.0085
    0.0150
    2.9131
    0.9710
];
sin acionamiento directo
Theta_estimado[-1.7507;
    -0.3874;
     8.2151;
     15.973;
     0.3841;
     0.0080;
     0.0114;
     0.0069;
     0.0150;
     2.9975;
     0.9856];


con accionamiento directo
  Theta_est_dir=[ -1.7594 
   -0.3966   
    2.1575  
    1.7723  
    0.3977    
    0.0072   
    0.0120   
    0.0085   
    0.0150   
    2.9131   
    0.9710];